#dimV  time
6  0.01
6  0.01
6  0.02
6  0.02
6  0.03
6  0.06
6  0.07
6  0.07
6  0.09
6  0.13
8  0.02
8  0.02
8  0.03
8  0.03
8  0.03
8  0.03
8  0.03
8  0.03
8  0.04
8  0.05
10  0.03
10  0.04
10  0.04
10  0.04
10  0.04
10  0.04
10  0.04
10  0.04
10  0.06
10  0.06
12  0.05
12  0.05
12  0.05
12  0.05
12  0.05
12  0.05
12  0.06
12  0.06
12  0.06
12  0.07
14  0.07
14  0.07
14  0.07
14  0.07
14  0.07
14  0.07
14  0.07
14  0.08
14  0.08
14  0.08
16  0.09
16  0.09
16  0.09
16  0.09
16  0.09
16  0.09
16  0.1
16  0.1
16  0.1
16  0.11
18  0.11
18  0.12
18  0.12
18  0.12
18  0.12
18  0.12
18  0.13
18  0.13
18  0.13
18  0.13
20  0.14
20  0.15
20  0.15
20  0.15
20  0.16
20  0.17
20  0.17
20  0.24
20  0.27
20  0.27
22  0.18
22  0.19
22  0.2
22  0.2
22  0.2
22  0.2
22  0.21
22  0.22
22  0.23
22  0.28
24  0.24
24  0.24
24  0.24
24  0.26
24  0.27
24  0.27
24  0.28
24  0.29
24  0.3
24  0.37
26  0.29
26  0.29
26  0.29
26  0.3
26  0.3
26  0.3
26  0.31
26  0.37
26  0.38
26  0.39
28  0.34
28  0.38
28  0.38
28  0.42
28  0.46
28  0.47
28  0.51
28  0.55
28  0.58
28  0.65
30  0.41
30  0.46
30  0.47
30  0.52
30  0.53
30  0.53
30  0.54
30  0.54
30  0.61
30  0.8
32  0.52
32  0.53
32  0.55
32  0.61
32  0.61
32  0.61
32  0.64
32  0.65
32  0.71
32  0.77
34  0.61
34  0.63
34  0.63
34  0.65
34  0.67
34  0.7
34  0.71
34  0.73
34  0.84
34  1.11
36  0.72
36  0.72
36  0.76
36  0.76
36  0.82
36  0.9
36  0.93
36  1.05
36  1.16
36  1.51
38  0.88
38  0.89
38  0.91
38  0.97
38  0.98
38  0.99
38  1.04
38  1.11
38  1.17
38  1.4
40  1.03
40  1.06
40  1.07
40  1.1
40  1.15
40  1.24
40  1.51
40  1.53
40  1.68
40  2.46
42  1.15
42  1.24
42  1.29
42  1.42
42  1.42
42  1.51
42  1.97
42  2.03
42  2.14
42  2.46
44  1.61
44  1.62
44  1.67
44  1.89
44  1.93
44  1.95
44  2.11
44  2.75
44  2.8
44  3.15
46  1.7
46  1.87
46  1.88
46  1.96
46  1.97
46  2.64
46  2.8
46  3.02
46  3.03
46  3.05
48  1.86
48  1.91
48  1.99
48  2.08
48  2.39
48  2.53
48  2.71
48  3.12
48  4.05
48  4.24
50  2.13
50  2.16
50  2.24
50  2.37
50  2.54
50  2.61
50  3.5
50  3.73
50  3.87
50  3.99
52  2.46
52  2.65
52  3.01
52  3.21
52  3.89
52  4.06
52  4.7
52  5.17
52  5.4
52  5.76
54  2.86
54  3.15
54  3.91
54  4.12
54  4.91
54  5.17
54  5.35
54  5.77
54  5.93
54  7.21
56  3.45
56  3.54
56  3.61
56  3.62
56  3.84
56  4.16
56  5.29
56  5.63
56  6.22
56  7.64
58  4.2
58  4.27
58  4.55
58  4.81
58  5.22
58  5.97
58  6.06
58  6.15
58  6.47
58  6.67
60  4.42
60  4.87
60  6.23
60  6.24
60  6.25
60  6.96
60  7.07
60  7.23
60  7.54
60  8.05
62  5.29
62  5.41
62  5.46
62  6.93
62  7.37
62  7.86
62  7.89
62  8.05
62  8.52
62  9.68
64  5.93
64  5.96
64  5.97
64  6.12
64  8.4
64  8.76
64  8.86
64  8.88
64  9.15
64  10.17
66  5.91
66  6.65
66  6.79
66  6.99
66  9.0
66  9.25
66  9.58
66  10.67
66  10.96
66  11.63
68  8.09
68  9.3
68  9.32
68  9.55
68  9.56
68  12.72
68  13.36
68  13.56
68  14.21
68  18.06
70  8.44
70  9.32
70  10.59
70  12.49
70  13.95
70  14.19
70  14.84
70  15.15
70  19.79
70  20.37
72  11.24
72  12.18
72  14.98
72  15.04
72  15.81
72  16.79
72  17.09
72  17.15
72  18.81
72  21.52
74  11.15
74  11.97
74  14.25
74  15.75
74  17.35
74  17.52
74  18.78
74  20.42
74  21.31
74  28.96
76  11.91
76  12.14
76  12.56
76  12.89
76  18.71
76  19.14
76  19.49
76  20.86
76  21.85
76  34.16
78  13.78
78  13.82
78  14.1
78  14.92
78  22.13
78  22.29
78  23.38
78  23.76
78  27.79
78  33.23
80  15.44
80  15.51
80  22.08
80  22.62
80  23.27
80  24.43
80  24.75
80  26.16
80  30.4
80  36.97
82  15.85
82  16.76
82  17.68
82  19.27
82  27.62
82  27.81
82  28.92
82  37.83
82  41.32
82  42.82
84  17.0
84  19.42
84  19.59
84  26.69
84  28.39
84  28.71
84  29.37
84  32.79
84  37.13
84  42.18
86  21.44
86  21.93
86  22.26
86  31.28
86  31.33
86  35.15
86  35.68
86  37.39
86  39.07
86  42.83
88  23.8
88  25.51
88  27.08
88  33.69
88  35.37
88  35.89
88  36.95
88  40.35
88  51.93
88  54.38
90  23.26
90  23.91
90  25.4
90  25.98
90  35.74
90  36.08
90  36.12
90  38.18
90  40.03
90  42.26
92  26.54
92  27.84
92  40.52
92  41.69
92  44.64
92  45.17
92  45.93
92  52.29
92  52.57
92  74.81
94  26.25
94  30.67
94  31.97
94  38.31
94  43.41
94  45.96
94  48.29
94  51.3
94  55.73
94  56.66
96  28.67
96  31.4
96  32.51
96  33.21
96  49.88
96  53.28
96  54.62
96  63.62
96  74.01
96  87.12
98  36.15
98  36.52
98  37.44
98  39.88
98  55.02
98  56.99
98  57.95
98  59.74
98  64.21
98  82.51
100  40.03
100  41.16
100  41.52
100  57.15
100  58.74
100  59.25
100  59.68
100  63.22
100  87.88
100  106.08
102  31.08
102  35.66
102  38.42
102  45.78
102  51.44
102  51.76
102  58.75
102  62.64
102  70.14
102  75.77
104  32.59
104  33.94
104  36.98
104  51.47
104  58.91
104  59.37
104  62.09
104  65.71
104  66.43
104  69.82
106  35.17
106  35.91
106  48.58
106  60.89
106  64.89
106  67.16
106  71.62
106  72.14
106  75.0
106  80.02
108  46.06
108  46.56
108  55.95
108  56.76
108  60.57
108  68.74
108  70.84
108  72.06
108  75.21
108  109.0
110  46.34
110  46.51
110  49.23
110  50.7
110  80.22
110  83.01
110  83.83
110  101.25
110  105.88
110  151.67
112  43.59
112  48.95
112  49.39
112  69.13
112  71.47
112  71.87
112  82.91
112  86.84
112  93.02
112  93.75
114  44.6
114  46.32
114  49.72
114  54.36
114  80.3
114  84.02
114  85.22
114  89.36
114  90.62
114  105.74
116  51.64
116  55.8
116  60.52
116  82.92
116  85.62
116  92.85
116  94.58
116  169.87
116  178.81
116  188.99
118  52.65
118  55.53
118  73.46
118  90.38
118  91.09
118  103.45
118  107.68
118  122.9
118  127.36
118  144.23
120  53.62
120  72.58
120  87.26
120  97.41
120  97.43
120  107.49
120  109.88
120  112.62
120  114.62
120  120.14
122  80.05
122  89.51
122  95.07
122  95.19
122  111.22
122  111.51
122  121.62
122  126.44
122  130.53
122  155.67
124  66.74
124  107.23
124  111.43
124  115.46
124  116.37
124  130.01
124  132.13
124  134.89
124  135.9
124  163.59
126  69.71
126  87.69
126  93.21
126  106.69
126  109.26
126  131.03
126  142.38
126  152.98
126  203.02
126  213.72
128  77.22
128  79.51
128  102.4
128  122.64
128  155.99
128  156.4
128  164.47
128  170.0
128  174.61
128  276.74
130  85.33
130  88.3
130  89.07
130  106.41
130  132.67
130  150.67
130  180.83
130  226.65
130  239.63
130  251.86
132  99.05
132  107.95
132  125.62
132  131.63
132  143.26
132  147.51
132  147.86
132  148.25
132  261.47
132  266.19
134  104.18
134  110.44
134  118.95
134  124.14
134  150.15
134  154.99
134  163.26
134  203.3
134  216.37
134  258.77
136  110.48
136  111.7
136  143.11
136  146.27
136  172.49
136  193.24
136  215.4
136  216.15
136  232.04
136  310.82
138  115.19
138  127.31
138  133.59
138  143.8
138  202.57
138  223.22
138  246.0
138  266.22
138  414.64
138  454.28
140  121.11
140  129.2
140  130.76
140  133.07
140  141.52
140  217.11
140  240.4
140  246.34
140  327.33
140  464.46
142  131.13
142  135.09
142  140.02
142  191.46
142  200.21
142  213.81
142  216.13
142  230.9
142  376.62
142  401.76
144  151.6
144  182.87
144  194.67
144  244.59
144  254.68
144  258.8
144  268.12
144  341.12
144  384.59
144  389.38
146  148.26
146  166.34
146  208.17
146  224.58
146  225.06
146  260.6
146  345.68
146  359.3
146  384.36
146  474.51
148  157.11
148  158.56
148  169.07
148  173.84
148  229.39
148  303.71
148  305.24
148  312.38
148  376.04
148  492.42
150  168.4
150  171.42
150  173.2
150  186.08
150  231.76
150  249.6
150  281.27
150  281.92
150  331.29
150  383.34
152  218.48
152  249.29
152  291.38
152  299.25
152  308.42
152  331.57
152  402.77
152  406.54
152  418.69
152  477.32
154  189.9
154  299.81
154  328.45
154  351.17
154  355.7
154  358.02
154  442.65
154  529.54
154  618.05
154  686.88
156  227.74
156  232.29
156  294.99
156  337.52
156  339.15
156  358.44
156  361.95
156  378.87
156  381.02
156  477.96
158  207.85
158  209.15
158  214.47
158  350.88
158  423.92
158  457.37
158  458.65
158  564.62
158  587.91
158  641.39
160  226.05
160  230.86
160  235.62
160  311.23
160  392.58
160  411.96
160  415.17
160  430.55
160  580.81
160  861.29
162  258.19
162  270.06
162  351.62
162  389.61
162  398.64
162  414.78
162  457.7
162  541.28
162  611.25
162  668.52
164  235.37
164  300.16
164  335.27
164  396.58
164  474.52
164  486.48
164  498.94
164  600.77
164  766.32
164  962.15
166  261.71
166  278.4
166  306.65
166  460.65
166  468.99
166  517.49
166  547.86
166  755.99
166  808.05
166  912.71
168  279.47
168  312.35
168  345.69
168  370.09
168  512.55
168  517.06
168  561.29
168  599.99
168  1007.63
168  1063.61
170  285.53
170  321.37
170  335.33
170  562.28
170  563.4
170  567.88
170  668.07
170  702.9
170  819.51
170  1222.68
172  390.78
172  397.0
172  406.24
172  464.35
172  551.52
172  555.21
172  641.17
172  669.27
172  897.3
172  988.64
174  299.47
174  326.01
174  445.05
174  499.43
174  623.85
174  663.13
174  714.93
174  723.34
174  1005.41
174  1047.75
176  338.0
176  364.08
176  388.57
176  558.5
176  573.71
176  584.34
176  586.68
176  664.68
176  739.44
176  744.62
178  366.7
178  417.7
178  464.47
178  592.58
178  617.53
178  734.55
178  790.11
178  869.72
178  890.48
178  1159.36
180  395.23
180  424.64
180  455.66
180  584.72
180  634.09
180  676.31
180  692.6
180  704.37
180  727.74
180  1452.49
182  396.05
182  412.0
182  428.17
182  458.16
182  488.44
182  643.43
182  716.16
182  782.75
182  797.13
182  797.46
184  392.44
184  427.52
184  434.94
184  475.46
184  484.43
184  683.22
184  694.64
184  715.26
184  795.19
184  1073.97
186  460.27
186  488.76
186  492.58
186  526.11
186  675.61
186  689.3
186  755.34
186  824.15
186  841.75
186  1040.25
188  471.87
188  494.79
188  523.21
188  708.28
188  711.37
188  717.25
188  732.04
188  769.8
188  837.39
188  1112.7
190  460.15
190  462.11
190  546.14
190  720.95
190  727.68
190  752.64
190  779.78
190  958.04
190  1465.97
190  1608.23
192  474.28
192  542.82
192  695.94
192  723.04
192  821.96
192  831.19
192  856.27
192  884.24
192  915.31
192  1194.19
194  522.38
194  753.17
194  794.11
194  860.25
194  986.96
194  999.94
194  1009.77
194  1048.6
194  1120.45
194  1692.16
196  559.81
196  775.22
196  805.16
196  995.19
196  1039.0
196  1094.56
196  1151.88
196  1437.92
196  1511.49
196  1634.59
198  578.38
198  689.38
198  757.19
198  786.29
198  897.01
198  1006.71
198  1064.68
198  1083.98
198  1372.88
198  1470.91
200  609.49
200  668.73
200  690.01
200  708.87
200  1008.43
200  1166.27
200  1190.04
200  1286.48
200  1402.22
200  1970.55
202  633.2
202  726.9
202  744.42
202  778.98
202  1013.24
202  1152.09
202  1175.95
202  1491.23
202  1531.52
202  1638.92
204  721.45
204  809.15
204  853.38
204  989.16
204  1139.64
204  1351.86
204  1359.36
204  1640.66
204  1661.36
204  1740.63
206  748.76
206  781.03
206  924.09
206  973.22
206  1235.7
206  1865.42
206  1986.02
206  2464.83
206  2641.0
206  2710.87
208  830.87
208  956.95
208  1013.57
208  1036.23
208  1224.02
208  1278.68
208  1284.89
208  1285.29
208  1303.92
208  1827.61
210  778.78
210  784.22
210  850.81
210  934.48
210  1133.19
210  1138.89
210  1337.2
210  1990.52
210  2993.73
210  3363.63
212  1002.66
212  1030.49
212  1332.62
212  1381.2
212  1418.63
212  1464.46
212  1765.33
212  1944.12
212  2065.7
212  2233.92
214  830.27
214  1311.53
214  1336.73
214  1377.37
214  1581.71
214  1584.87
214  1666.13
214  2521.9
214  2696.51
214  3127.42
216  986.9
216  1068.02
216  1079.33
216  1600.18
216  1772.22
216  1818.23
216  1915.54
216  2569.31
216  3186.49
216  3644.89
218  1425.73
218  1589.56
218  1620.55
218  1756.21
218  1878.23
218  1917.55
218  1920.12
218  2269.06
218  2385.45
218  2407.99
220  951.34
220  969.28
220  1060.47
220  1388.28
220  1394.71
220  1434.04
220  1768.07
220  1840.76
220  1938.49
220  1956.44
222  1011.52
222  1093.37
222  1105.42
222  1112.2
222  1524.35
222  1599.78
222  1964.57
222  2044.76
222  2518.36
222  3571.94
224  1071.24
224  1236.71
224  1252.49
224  1452.73
224  1585.66
224  1647.14
224  1690.44
224  1854.32
224  1860.31
224  2038.59
226  1114.88
226  1172.13
226  1174.66
226  1537.22
226  1565.24
226  1804.06
226  1812.54
226  3367.19
226  4169.36
226  4189.7
228  1246.25
228  1432.74
228  1630.46
228  1667.6
228  1676.0
228  1902.43
228  1917.95
228  2097.16
228  2433.24
228  2631.53
230  1146.05
230  1707.35
230  1950.33
230  2075.65
230  2104.89
230  2205.02
230  2319.46
230  2783.78
230  2975.66
232  1732.4
232  1910.29
232  1923.81
232  2030.18
232  2290.44
232  2320.28
232  2468.21
232  2659.51
232  2807.66
234  1534.43
234  2003.48
234  2043.25
234  2052.8
234  2186.27
234  2501.7
234  2549.79
234  2646.88
234  2675.47
234  2829.76
236  1448.48
236  1532.45
236  1561.56
236  2216.79
236  2553.56
236  2638.77
236  3092.55
236  3255.58
236  3757.02
238  1470.19
238  1502.48
238  1748.93
238  2078.3
238  2249.77
238  2277.71
238  2289.94
238  2324.63
238  2334.21
238  3146.33
240  1505.29
240  2240.48
240  2246.89
240  2493.45
240  2692.89
240  2794.83
240  3032.29
240  3505.51
240  3548.11
242  1535.08
242  1726.9
242  2177.11
242  2377.57
242  2825.51
242  2839.87
242  2854.26
242  3189.74
242  3264.41
242  3896.3
244  1848.64
244  2081.41
244  2292.05
244  2609.36
244  2820.57
244  2930.16
244  3061.65
244  3297.49
246  1745.13
246  2077.98
246  2361.62
246  2511.79
246  2857.69
246  2970.68
246  3392.49
246  3965.18
246  4110.28
248  1767.01
248  2130.09
248  2426.99
248  2934.06
248  3101.57
248  3199.1
248  3361.39
248  3869.61
250  1777.54
250  1917.08
250  2432.43
250  2661.4
250  2903.51
250  3011.61
250  3279.64
250  3569.54
250  4121.34
252  1908.75
252  1956.56
252  2595.45
252  2646.91
252  2684.13
252  2974.54
252  2975.59
252  3099.0
252  3172.6
254  1793.62
254  2088.47
254  2431.48
254  2767.49
254  2835.99
254  2939.35
254  3020.56
254  3410.9
256  1949.46
256  1990.02
256  2454.51
256  2620.0
256  2762.28
256  2889.95
256  3330.94
256  3950.57
