#dimV  time
5  0.0
6  0.0
7  0.0
8  0.0
9  0.0
10  0.0
11  0.0
12  0.0
13  0.0
14  0.0
15  0.0
16  0.0
17  0.005
18  0.0
19  0.0
20  0.005
21  0.0
22  0.005
23  0.01
24  0.01
25  0.005
26  0.01
27  0.01
28  0.02
29  0.02
30  0.025
31  0.03
32  0.03
33  0.035
34  0.04
35  0.055
36  0.055
37  0.075
38  0.085
39  0.085
40  0.1
41  0.1
42  0.13
43  0.135
44  0.15
45  0.19
46  0.2
47  0.215
48  0.245
49  0.33
50  0.345
51  0.335
52  0.51
53  0.475
54  0.475
55  0.56
56  0.48
57  0.675
58  0.595
59  0.82
60  0.65
61  0.91
62  0.87
63  0.98
64  0.895
65  0.895
66  1.46
67  1.565
68  1.615
69  1.87
70  1.975
71  2.15
72  2.195
73  2.695
74  2.945
75  2.935
76  3.01
77  3.975
78  3.265
79  3.365
80  3.805
81  4.055
82  3.955
83  4.79
84  4.88
85  4.875
86  5.18
87  6.535
88  6.32
89  7.38
90  7.255
91  7.47
92  5.65
93  9.855
94  8.475
95  8.54
96  10.475
97  13.035
98  13.88
99  14.445
100  14.485
101  17.2
102  17.545
103  19.47
104  21.84
105  23.075
106  24.155
107  25.3
108  26.465
109  23.835
110  20.75
111  26.24
112  22.875
113  20.085
114  26.46
115  33.685
116  28.565
117  35.875
118  38.24
119  40.825
120  41.49
121  43.89
122  39.94
123  39.015
124  51.38
125  54.165
126  53.59
127  56.39
128  61.14
129  61.965
130  65.765
131  70.305
132  59.08
133  75.22
134  82.11
135  85.71
136  88.775
137  89.16
138  98.11
139  101.81
140  105.69
141  100.045
142  100.43
143  125.56
144  133.445
145  138.605
146  155.24
147  157.365
148  166.04
149  165.92
150  175.245
151  179.895
152  185.015
153  163.295
154  173.09
155  173.435
156  181.645
157  186.575
158  190.45
159  213.165
160  222.95
161  221.315
162  228.55
163  235.43
164  245.21
165  249.405
166  253.745
167  264.5
168  268.005
169  275.795
170  283.885
171  293.55
172  314.575
173  324.145
174  330.93
175  343.595
176  353.395
177  358.525
178  304.36
179  378.68
180  386.83
181  389.28
182  405.785
183  270.0
184  454.615
185  470.345
186  486.08
187  513.68
188  519.84
189  436.235
190  552.845
191  568.38
192  598.22
193  608.26
194  655.085
195  681.79
196  693.695
197  705.32
198  768.93
199  789.9
200  824.555
201  833.065
202  858.22
203  874.92
204  895.505
205  1011.06
206  1032.15
207  1065.765
208  1092.315
209  1106.535
210  1155.54
211  986.095
212  1202.755
213  1235.17
214  1275.25
215  1303.4
216  913.005
217  921.815
218  1170.955
219  1219.955
220  1225.78
221  1253.805
222  1301.49
223  1314.62
224  1164.51
225  1454.795
226  1496.95
227  1517.875
228  1542.74
229  1581.895
230  1594.33
231  1632.195
232  1678.755
233  1709.725
234  1735.215
235  1770.52
236  1800.265
237  1832.13
238  1865.715
239  1890.39
240  1927.51
241  1966.8
242  2151.595
243  2176.925
244  2204.21
245  2266.97
246  2316.49
247  2348.895
248  2408.11
249  2470.11
250  2468.05
251  2571.27
252  2602.115
253  2637.945
254  2695.495
255  2731.04
256  2806.615
