#dimV  time
5  0.11
5  0.11
5  0.12
7  0.03
7  0.04
7  0.04
9  0.04
9  0.05
9  0.05
11  0.06
11  0.07
11  0.07
13  0.08
13  0.09
13  0.21
15  0.12
15  0.12
15  0.13
17  0.15
17  0.15
17  0.18
19  0.2
19  0.21
19  0.23
21  0.25
21  0.26
21  0.3
23  0.33
23  0.34
23  0.37
25  0.5
25  0.57
25  0.8
27  0.63
27  0.63
27  0.72
29  0.78
29  0.82
29  0.9
31  0.96
31  1.15
31  1.16
33  1.4
33  1.42
33  1.43
35  1.14
35  1.71
35  1.73
37  1.55
37  2.13
37  2.14
39  2.22
39  2.59
39  3.39
41  2.7
41  3.15
41  3.15
43  3.79
43  3.85
43  3.88
45  4.28
45  4.62
45  4.69
47  4.62
47  4.68
47  5.58
49  3.53
49  3.86
49  4.34
51  4.28
51  4.52
51  4.97
53  4.91
53  4.97
53  5.24
55  5.11
55  5.47
55  9.91
57  6.01
57  6.26
57  8.21
59  7.33
59  7.69
59  9.46
61  9.51
61  9.97
61  10.28
63  10.29
63  11.04
63  12.43
65  10.12
65  12.35
65  15.37
67  16.76
67  17.41
67  17.81
69  18.2
69  18.41
69  20.33
71  20.75
71  23.5
71  39.03
73  23.5
73  26.75
73  27.6
75  27.36
75  31.88
75  31.95
77  31.61
77  36.92
77  36.94
79  36.02
79  40.67
79  42.55
81  42.46
81  43.04
81  49.27
83  53.41
83  54.1
83  74.39
85  50.26
85  55.5
85  57.32
87  58.16
87  66.53
87  92.48
89  64.76
89  67.74
89  77.52
91  71.5
91  79.99
91  90.84
93  80.71
93  91.55
93  99.62
95  88.64
95  101.57
95  108.2
97  101.38
97  117.04
97  121.23
99  135.07
99  137.77
99  177.27
101  114.62
101  148.41
101  151.48
103  119.2
103  140.8
103  147.4
105  113.8
105  159.58
105  175.96
107  125.69
107  184.38
107  195.46
109  136.83
109  203.97
109  217.31
111  156.0
111  218.12
111  232.15
113  164.88
113  246.02
113  253.03
115  184.77
115  224.4
115  265.86
117  196.71
117  196.89
117  293.52
119  219.52
119  300.44
119  306.24
121  221.6
121  236.15
121  366.72
123  239.94
123  255.36
123  405.61
125  263.98
125  309.43
125  598.67
127  279.78
127  310.94
127  462.84
129  305.0
129  326.47
129  492.49
131  337.72
131  354.84
131  542.4
133  367.31
133  403.29
133  511.87
135  495.21
135  600.06
135  876.22
137  569.45
137  622.75
137  673.93
139  655.41
139  657.3
139  680.59
141  492.07
141  735.82
141  800.78
143  533.23
143  859.14
143  1252.93
145  830.29
145  850.94
145  932.81
147  609.0
147  909.19
147  944.85
149  663.54
149  926.03
149  1067.54
151  701.67
151  730.97
151  1056.21
153  786.14
153  1116.9
153  1121.95
155  804.38
155  1227.97
155  1275.84
157  876.86
157  998.37
157  1214.73
159  933.88
159  953.1
159  1468.24
161  997.62
161  1015.53
161  2068.12
163  1211.01
163  1405.09
163  1930.45
165  1144.19
165  1145.14
165  1713.88
167  1206.58
167  1216.02
167  1326.85
169  1281.08
169  1292.5
169  1303.24
171  1352.85
171  1375.91
171  1386.67
173  1421.42
173  1440.47
173  1482.46
175  1455.38
175  1503.13
175  1559.78
177  1529.9
177  1556.91
177  1650.14
179  1614.95
179  1770.7
179  2418.44
181  1749.77
181  1768.8
181  1892.0
183  1881.01
183  1889.26
183  2936.69
185  1973.67
185  1985.78
185  2092.93
187  2096.6
187  2162.08
187  2217.66
189  2263.81
189  2343.16
189  2343.91
191  2483.54
191  2486.42
191  2499.26
193  2649.0
193  2657.04
193  2804.05
195  2887.22
195  3647.34
195  4158.49
197  3696.1
197  3876.83
199  3741.04
199  4018.16
199  4075.58
201  3417.66
201  3661.03
201  3869.17
